[gd_scene load_steps=14 format=2]

[ext_resource path="res://TestScene/grass.png" type="Texture" id=1]
[ext_resource path="res://TestScene/models/Hilly_Prop_Tree_Oak_4.obj" type="PackedScene" id=2]
[ext_resource path="res://TestScene/models/Hilly_Prop_Grass_Clump_2.obj" type="PackedScene" id=3]
[ext_resource path="res://TestScene/models/Hilly_Prop_Tree_Oak_3.obj" type="PackedScene" id=4]
[ext_resource path="res://TestScene/models/Hilly_Prop_Tree_Oak_1.obj" type="PackedScene" id=5]
[ext_resource path="res://TestScene/models/Hilly_Prop_Tree_Oak_2.obj" type="PackedScene" id=6]
[ext_resource path="res://ThirdPersonController/3rdPersonController.tscn" type="PackedScene" id=7]
[ext_resource path="res://CombatSystem/Battler/Characters/BugCat.tscn" type="PackedScene" id=8]
[ext_resource path="res://CombatSystem/Battler/Characters/Bear.tscn" type="PackedScene" id=9]
[ext_resource path="res://TestScene/TestScene.gd" type="Script" id=10]

[sub_resource type="ProceduralSky" id=2]
sky_top_color = Color( 0.501961, 0.823529, 1, 1 )
sky_horizon_color = Color( 0.564706, 0.847059, 1, 1 )
ground_bottom_color = Color( 0.435294, 0.705882, 0.85098, 1 )
ground_horizon_color = Color( 0.564706, 0.847059, 1, 1 )

[sub_resource type="Environment" id=3]
background_mode = 2
background_sky = SubResource( 2 )
ambient_light_color = Color( 1, 1, 1, 1 )
ambient_light_energy = 0.5
ambient_light_sky_contribution = 0.25
fog_enabled = true
tonemap_mode = 3
dof_blur_far_distance = 14.4
dof_blur_far_amount = 0.05

[sub_resource type="SpatialMaterial" id=1]
albedo_color = Color( 0.827451, 0.827451, 0.827451, 1 )
albedo_texture = ExtResource( 1 )
uv1_scale = Vector3( 20, 15, 1 )

[node name="TestScene" type="Spatial"]
script = ExtResource( 10 )

[node name="WorldEnvironment" type="WorldEnvironment" parent="."]
environment = SubResource( 3 )

[node name="DirectionalLight" type="DirectionalLight" parent="."]
transform = Transform( -0.5, -0.612372, 0.612373, 0, 0.707107, 0.707107, -0.866025, 0.353553, -0.353554, 0, 9.59841, 0 )
light_energy = 0.5
shadow_enabled = true

[node name="CSGBox" type="CSGBox" parent="."]
transform = Transform( 1, 0, 0, 0, 1, 0, 0, 0, 1, -22, 0, -32 )
use_collision = true
width = 100.0
height = 0.25
depth = 100.0
material = SubResource( 1 )

[node name="Trees" type="Spatial" parent="."]
transform = Transform( 2, 0, 0, 0, 2, 0, 0, 0, 2, 0, 0.125, 0 )

[node name="Hilly_Prop_Tree_Oak_4" parent="Trees" instance=ExtResource( 6 )]
transform = Transform( 1, 0, 0, 0, 1, 0, 0, 0, 1, 0.0591846, -1.19209e-07, -11.4789 )

[node name="Hilly_Prop_Tree_Oak_8" parent="Trees" instance=ExtResource( 6 )]
transform = Transform( 1, 0, 0, 0, 1, 0, 0, 0, 1, -6.70847, 0, -4.9758 )

[node name="Hilly_Prop_Tree_Oak_9" parent="Trees" instance=ExtResource( 6 )]
transform = Transform( 1, 0, 0, 0, 1, 0, 0, 0, 1, -12.537, -2.38419e-07, -0.811178 )

[node name="Hilly_Prop_Tree_Oak_11" parent="Trees" instance=ExtResource( 6 )]
transform = Transform( 1, 0, 0, 0, 1, 0, 0, 0, 1, -12.9907, 0, 5.11524 )

[node name="Hilly_Prop_Tree_Oak_12" parent="Trees" instance=ExtResource( 6 )]
transform = Transform( 1, 0, 0, 0, 1, 0, 0, 0, 1, -10.5054, -1.19209e-07, -14.0994 )

[node name="Hilly_Prop_Tree_Oak_13" parent="Trees" instance=ExtResource( 6 )]
transform = Transform( 1, 0, 0, 0, 1, 0, 0, 0, 1, -3.1466, 0, -19.7075 )

[node name="Hilly_Prop_Tree_Oak_14" parent="Trees" instance=ExtResource( 6 )]
transform = Transform( 1, 0, 0, 0, 1, 0, 0, 0, 1, 2.84505, -2.38419e-07, -20.064 )

[node name="Hilly_Prop_Tree_Oak_15" parent="Trees" instance=ExtResource( 6 )]
transform = Transform( 1, 0, 0, 0, 1, 0, 0, 0, 1, 3.92713, 0, -9.59051 )

[node name="Hilly_Prop_Tree_Oak_16" parent="Trees" instance=ExtResource( 4 )]
transform = Transform( 1, 0, 0, 0, 1, 0, 0, 0, 1, 5.33489, -1.19209e-07, -13.6935 )

[node name="Hilly_Prop_Tree_Oak_17" parent="Trees" instance=ExtResource( 4 )]
transform = Transform( 1, 0, 0, 0, 1, 0, 0, 0, 1, -3.02414, -1.19209e-07, -12.1469 )

[node name="Hilly_Prop_Tree_Oak_18" parent="Trees" instance=ExtResource( 4 )]
transform = Transform( 1, 0, 0, 0, 1, 0, 0, 0, 1, -5.23928, 0, -8.70813 )

[node name="Hilly_Prop_Tree_Oak_19" parent="Trees" instance=ExtResource( 4 )]
transform = Transform( 1, 0, 0, 0, 1, 0, 0, 0, 1, -13.0654, 2.68221e-07, -8.30239 )

[node name="Hilly_Prop_Tree_Oak_20" parent="Trees" instance=ExtResource( 4 )]
transform = Transform( 1, 0, 0, 0, 1, 0, 0, 0, 1, -1.80965, -2.38419e-07, -4.98839 )

[node name="Hilly_Prop_Tree_Oak_21" parent="Trees" instance=ExtResource( 4 )]
transform = Transform( 1, 0, 0, 0, 1, 0, 0, 0, 1, -8.52248, 0, -0.462116 )

[node name="Hilly_Prop_Tree_Oak_22" parent="Trees" instance=ExtResource( 4 )]
transform = Transform( 1, 0, 0, 0, 1, 0, 0, 0, 1, -9.61034, 0, 5.69618 )

[node name="Hilly_Prop_Tree_Oak_23" parent="Trees" instance=ExtResource( 4 )]
transform = Transform( 1, 0, 0, 0, 1, 0, 0, 0, 1, -15.8427, 1.49012e-08, 4.38567 )

[node name="Hilly_Prop_Tree_Oak_24" parent="Trees" instance=ExtResource( 4 )]
transform = Transform( 1, 0, 0, 0, 1, 0, 0, 0, 1, -14.8022, 1.49012e-07, -5.21931 )

[node name="Hilly_Prop_Tree_Oak_25" parent="Trees" instance=ExtResource( 4 )]
transform = Transform( 1, 0, 0, 0, 1, 0, 0, 0, 1, -5.40682, 0, -10.8678 )

[node name="Hilly_Prop_Tree_Oak_26" parent="Trees" instance=ExtResource( 2 )]
transform = Transform( 1, 0, 0, 0, 1, 0, 0, 0, 1, 1.91266, 5.96046e-07, -8.82644 )

[node name="Hilly_Prop_Tree_Oak_27" parent="Trees" instance=ExtResource( 2 )]
transform = Transform( 1, 0, 0, 0, 1, 0, 0, 0, 1, -5.89629, -5.96046e-08, 3.99989 )

[node name="Hilly_Prop_Tree_Oak_28" parent="Trees" instance=ExtResource( 2 )]
transform = Transform( 1, 0, 0, 0, 1, 0, 0, 0, 1, -3.55672, 0, -6.62781 )

[node name="Hilly_Prop_Tree_Oak_29" parent="Trees" instance=ExtResource( 2 )]
transform = Transform( 1, 0, 0, 0, 1, 0, 0, 0, 1, -7.68304, 0.225009, 2.17352 )

[node name="Hilly_Prop_Tree_Oak_30" parent="Trees" instance=ExtResource( 2 )]
transform = Transform( 1, 0, 0, 0, 1, 0, 0, 0, 1, 3.02474, 0, -13.2724 )

[node name="Hilly_Prop_Tree_Oak_39" parent="Trees" instance=ExtResource( 2 )]
transform = Transform( 1, 0, 0, 0, 1, 0, 0, 0, 1, 9.98161, 5.96046e-07, -8.82644 )

[node name="Hilly_Prop_Tree_Oak_40" parent="Trees" instance=ExtResource( 2 )]
transform = Transform( 1, 0, 0, 0, 1, 0, 0, 0, 1, 11.0937, 0, -13.2724 )

[node name="Hilly_Prop_Tree_Oak_31" parent="Trees" instance=ExtResource( 6 )]
transform = Transform( 1, 0, 0, 0, 1, 0, 0, 0, 1, -1.73738, 5.96046e-07, -15.1274 )

[node name="Hilly_Prop_Tree_Oak_32" parent="Trees" instance=ExtResource( 4 )]
transform = Transform( 1, 0, 0, 0, 1, 0, 0, 0, 1, -5.58878, 2.98023e-07, -15.5944 )

[node name="Hilly_Prop_Tree_Oak_33" parent="Trees" instance=ExtResource( 2 )]
transform = Transform( 1, 0, 0, 0, 1, 0, 0, 0, 1, -12.041, 0.0334954, -3.13818 )

[node name="Hilly_Prop_Tree_Oak_2" parent="Trees" instance=ExtResource( 5 )]
transform = Transform( 1, 0, 0, 0, 1, 0, 0, 0, 1, -7.55369, 0, -2.82737 )

[node name="Hilly_Prop_Tree_Oak_3" parent="Trees" instance=ExtResource( 5 )]
transform = Transform( 1, 0, 0, 0, 1, 0, 0, 0, 1, -0.283234, 0, -7.72226 )

[node name="Hilly_Prop_Tree_Oak_68" parent="Trees" instance=ExtResource( 5 )]
transform = Transform( 1, 0, 0, 0, 1, 0, 0, 0, 1, 6.77155, 0, -8.78975 )

[node name="Hilly_Prop_Tree_Oak_69" parent="Trees" instance=ExtResource( 5 )]
transform = Transform( 1, 0, 0, 0, 1, 0, 0, 0, 1, 11.553, 0, -6.07134 )

[node name="Hilly_Prop_Tree_Oak_5" parent="Trees" instance=ExtResource( 5 )]
transform = Transform( 1, 0, 0, 0, 1, 0, 0, 0, 1, 7.30862, 0, -11.2697 )

[node name="Hilly_Prop_Tree_Oak_6" parent="Trees" instance=ExtResource( 5 )]
transform = Transform( 1, 0, 0, 0, 1, 0, 0, 0, 1, 1.29277, 0, -17.4066 )

[node name="Hilly_Prop_Tree_Oak_7" parent="Trees" instance=ExtResource( 5 )]
transform = Transform( 1, 0, 0, 0, 1, 0, 0, 0, 1, -7.56247, 0, -7.36997 )

[node name="Hilly_Prop_Tree_Oak_10" parent="Trees" instance=ExtResource( 5 )]
transform = Transform( 1, 0, 0, 0, 1, 0, 0, 0, 1, -11.769, 0, -12.8256 )

[node name="Hilly_Prop_Tree_Oak_34" parent="Trees" instance=ExtResource( 6 )]
transform = Transform( 1, 0, 0, 0, 1, 0, 0, 0, 1, 0.0591846, -1.19209e-07, -33.8004 )

[node name="Hilly_Prop_Tree_Oak_35" parent="Trees" instance=ExtResource( 6 )]
transform = Transform( 1, 0, 0, 0, 1, 0, 0, 0, 1, -6.70847, 0, -27.2972 )

[node name="Hilly_Prop_Tree_Oak_36" parent="Trees" instance=ExtResource( 6 )]
transform = Transform( 1, 0, 0, 0, 1, 0, 0, 0, 1, -12.537, -2.38419e-07, -23.1326 )

[node name="Hilly_Prop_Tree_Oak_37" parent="Trees" instance=ExtResource( 6 )]
transform = Transform( 1, 0, 0, 0, 1, 0, 0, 0, 1, -12.9907, 0, -17.2062 )

[node name="Hilly_Prop_Tree_Oak_38" parent="Trees" instance=ExtResource( 6 )]
transform = Transform( 1, 0, 0, 0, 1, 0, 0, 0, 1, -10.5054, -1.19209e-07, -36.4208 )

[node name="Hilly_Prop_Tree_Oak_41" parent="Trees" instance=ExtResource( 6 )]
transform = Transform( 1, 0, 0, 0, 1, 0, 0, 0, 1, 3.92713, 0, -31.9119 )

[node name="Hilly_Prop_Tree_Oak_42" parent="Trees" instance=ExtResource( 4 )]
transform = Transform( 1, 0, 0, 0, 1, 0, 0, 0, 1, 5.33489, -1.19209e-07, -36.0149 )

[node name="Hilly_Prop_Tree_Oak_43" parent="Trees" instance=ExtResource( 4 )]
transform = Transform( 1, 0, 0, 0, 1, 0, 0, 0, 1, -3.02414, -1.19209e-07, -34.4683 )

[node name="Hilly_Prop_Tree_Oak_44" parent="Trees" instance=ExtResource( 4 )]
transform = Transform( 1, 0, 0, 0, 1, 0, 0, 0, 1, -5.23928, 0, -31.0296 )

[node name="Hilly_Prop_Tree_Oak_45" parent="Trees" instance=ExtResource( 4 )]
transform = Transform( 1, 0, 0, 0, 1, 0, 0, 0, 1, -13.0654, 2.68221e-07, -30.6238 )

[node name="Hilly_Prop_Tree_Oak_46" parent="Trees" instance=ExtResource( 4 )]
transform = Transform( 1, 0, 0, 0, 1, 0, 0, 0, 1, -1.80965, -2.38419e-07, -27.3098 )

[node name="Hilly_Prop_Tree_Oak_47" parent="Trees" instance=ExtResource( 4 )]
transform = Transform( 1, 0, 0, 0, 1, 0, 0, 0, 1, -8.52248, 0, -22.7836 )

[node name="Hilly_Prop_Tree_Oak_48" parent="Trees" instance=ExtResource( 4 )]
transform = Transform( 1, 0, 0, 0, 1, 0, 0, 0, 1, -9.61034, 0, -16.6253 )

[node name="Hilly_Prop_Tree_Oak_49" parent="Trees" instance=ExtResource( 4 )]
transform = Transform( 1, 0, 0, 0, 1, 0, 0, 0, 1, -15.8427, 1.49012e-08, -17.9358 )

[node name="Hilly_Prop_Tree_Oak_50" parent="Trees" instance=ExtResource( 4 )]
transform = Transform( 1, 0, 0, 0, 1, 0, 0, 0, 1, -14.8022, 1.49012e-07, -27.5407 )

[node name="Hilly_Prop_Tree_Oak_51" parent="Trees" instance=ExtResource( 4 )]
transform = Transform( 1, 0, 0, 0, 1, 0, 0, 0, 1, -5.40682, 0, -33.1892 )

[node name="Hilly_Prop_Tree_Oak_52" parent="Trees" instance=ExtResource( 2 )]
transform = Transform( 1, 0, 0, 0, 1, 0, 0, 0, 1, 1.91266, 5.96046e-07, -31.1479 )

[node name="Hilly_Prop_Tree_Oak_53" parent="Trees" instance=ExtResource( 2 )]
transform = Transform( 1, 0, 0, 0, 1, 0, 0, 0, 1, -5.89629, -5.96046e-08, -18.3215 )

[node name="Hilly_Prop_Tree_Oak_81" parent="Trees" instance=ExtResource( 2 )]
transform = Transform( 1, 0, 0, 0, 1, 0, 0, 0, 1, 6.37406, -5.96046e-08, -5.60901 )

[node name="Hilly_Prop_Tree_Oak_54" parent="Trees" instance=ExtResource( 2 )]
transform = Transform( 1, 0, 0, 0, 1, 0, 0, 0, 1, -3.55672, 0, -28.9493 )

[node name="Hilly_Prop_Tree_Oak_55" parent="Trees" instance=ExtResource( 2 )]
transform = Transform( 1, 0, 0, 0, 1, 0, 0, 0, 1, -7.68304, 0.225009, -20.1479 )

[node name="Hilly_Prop_Tree_Oak_56" parent="Trees" instance=ExtResource( 2 )]
transform = Transform( 1, 0, 0, 0, 1, 0, 0, 0, 1, 3.02474, 0, -35.5938 )

[node name="Hilly_Prop_Tree_Oak_57" parent="Trees" instance=ExtResource( 6 )]
transform = Transform( 1, 0, 0, 0, 1, 0, 0, 0, 1, -1.73738, 5.96046e-07, -37.4489 )

[node name="Hilly_Prop_Tree_Oak_58" parent="Trees" instance=ExtResource( 4 )]
transform = Transform( 1, 0, 0, 0, 1, 0, 0, 0, 1, -5.58878, 2.98023e-07, -37.9158 )

[node name="Hilly_Prop_Tree_Oak_59" parent="Trees" instance=ExtResource( 2 )]
transform = Transform( 1, 0, 0, 0, 1, 0, 0, 0, 1, -12.041, 0.0334954, -25.4596 )

[node name="Hilly_Prop_Tree_Oak_60" parent="Trees" instance=ExtResource( 5 )]
transform = Transform( 1, 0, 0, 0, 1, 0, 0, 0, 1, -4.05284, 0, -22.206 )

[node name="Hilly_Prop_Tree_Oak_61" parent="Trees" instance=ExtResource( 5 )]
transform = Transform( 1, 0, 0, 0, 1, 0, 0, 0, 1, -7.55369, 0, -25.1488 )

[node name="Hilly_Prop_Tree_Oak_62" parent="Trees" instance=ExtResource( 5 )]
transform = Transform( 1, 0, 0, 0, 1, 0, 0, 0, 1, -0.283234, 0, -30.0437 )

[node name="Hilly_Prop_Tree_Oak_63" parent="Trees" instance=ExtResource( 5 )]
transform = Transform( 1, 0, 0, 0, 1, 0, 0, 0, 1, 7.30862, 0, -33.5911 )

[node name="Hilly_Prop_Tree_Oak_64" parent="Trees" instance=ExtResource( 5 )]
transform = Transform( 1, 0, 0, 0, 1, 0, 0, 0, 1, 1.29277, 0, -39.728 )

[node name="Hilly_Prop_Tree_Oak_65" parent="Trees" instance=ExtResource( 5 )]
transform = Transform( 1, 0, 0, 0, 1, 0, 0, 0, 1, -7.56247, 0, -29.6914 )

[node name="Hilly_Prop_Tree_Oak_66" parent="Trees" instance=ExtResource( 5 )]
transform = Transform( 1, 0, 0, 0, 1, 0, 0, 0, 1, -11.769, 0, -35.1471 )

[node name="Hilly_Prop_Tree_Oak_67" parent="Trees" instance=ExtResource( 6 )]
transform = Transform( -0.373101, 0, 0.927791, 0, 1, 0, -0.927791, 0, -0.373101, 5.81632, -1.19209e-07, -24.9708 )

[node name="Hilly_Prop_Tree_Oak_71" parent="Trees" instance=ExtResource( 6 )]
transform = Transform( -0.373101, 0, 0.927791, 0, 1, 0, -0.927791, 0, -0.373101, 7.32675, -1.19209e-07, -14.1914 )

[node name="Hilly_Prop_Tree_Oak_72" parent="Trees" instance=ExtResource( 6 )]
transform = Transform( -0.373101, 0, 0.927791, 0, 1, 0, -0.927791, 0, -0.373101, -0.622027, 0, -18.9264 )

[node name="Hilly_Prop_Tree_Oak_73" parent="Trees" instance=ExtResource( 6 )]
transform = Transform( -0.373101, 0, 0.927791, 0, 1, 0, -0.927791, 0, -0.373101, -3.18823, -2.38419e-07, -24.3524 )

[node name="Hilly_Prop_Tree_Oak_74" parent="Trees" instance=ExtResource( 6 )]
transform = Transform( -0.373101, 0, 0.927791, 0, 1, 0, -0.927791, 0, -0.373101, 6.12525, 0, -29.264 )

[node name="Hilly_Prop_Tree_Oak_75" parent="Trees" instance=ExtResource( 4 )]
transform = Transform( -0.373101, 0, 0.927791, 0, 1, 0, -0.927791, 0, -0.373101, 1.79329, -1.19209e-07, -29.0392 )

[node name="Hilly_Prop_Tree_Oak_76" parent="Trees" instance=ExtResource( 4 )]
transform = Transform( -0.373101, 0, 0.927791, 0, 1, 0, -0.927791, 0, -0.373101, 6.34698, -1.19209e-07, -21.8609 )

[node name="Hilly_Prop_Tree_Oak_77" parent="Trees" instance=ExtResource( 4 )]
transform = Transform( -0.373101, 0, 0.927791, 0, 1, 0, -0.927791, 0, -0.373101, 10.3639, 0, -21.0887 )

[node name="Hilly_Prop_Tree_Oak_78" parent="Trees" instance=ExtResource( 4 )]
transform = Transform( -0.373101, 0, 0.927791, 0, 1, 0, -0.927791, 0, -0.373101, 13.6603, 2.68221e-07, -13.979 )

[node name="Hilly_Prop_Tree_Oak_79" parent="Trees" instance=ExtResource( 4 )]
transform = Transform( -0.373101, 0, 0.927791, 0, 1, 0, -0.927791, 0, -0.373101, 12.5354, -2.38419e-07, -25.6585 )

[node name="Hilly_Prop_Tree_Oak_84" parent="Trees" instance=ExtResource( 4 )]
transform = Transform( -0.373101, 0, 0.927791, 0, 1, 0, -0.927791, 0, -0.373101, 8.42271, 0, -20.1275 )

[node name="Hilly_Prop_Tree_Oak_85" parent="Trees" instance=ExtResource( 2 )]
transform = Transform( -0.373101, 0, 0.927791, 0, 1, 0, -0.927791, 0, -0.373101, 7.58574, 5.96046e-07, -27.68 )

[node name="Hilly_Prop_Tree_Oak_87" parent="Trees" instance=ExtResource( 2 )]
transform = Transform( -0.373101, 0, 0.927791, 0, 1, 0, -0.927791, 0, -0.373101, 11.6662, 0, -23.4259 )

[node name="Hilly_Prop_Tree_Oak_89" parent="Trees" instance=ExtResource( 2 )]
transform = Transform( -0.373101, 0, 0.927791, 0, 1, 0, -0.927791, 0, -0.373101, 3.04591, 0, -27.053 )

[node name="Hilly_Prop_Tree_Oak_90" parent="Trees" instance=ExtResource( 6 )]
transform = Transform( -0.373101, 0, 0.927791, 0, 1, 0, -0.927791, 0, -0.373101, 3.10156, 5.96046e-07, -21.9427 )

[node name="Hilly_Prop_Tree_Oak_91" parent="Trees" instance=ExtResource( 4 )]
transform = Transform( -0.373101, 0, 0.927791, 0, 1, 0, -0.927791, 0, -0.373101, 4.10531, 2.98023e-07, -18.1951 )

[node name="Hilly_Prop_Tree_Oak_95" parent="Trees" instance=ExtResource( 5 )]
transform = Transform( -0.373101, 0, 0.927791, 0, 1, 0, -0.927791, 0, -0.373101, 9.42948, 0, -26.0547 )

[node name="Hilly_Prop_Tree_Oak_96" parent="Trees" instance=ExtResource( 5 )]
transform = Transform( -0.373101, 0, 0.927791, 0, 1, 0, -0.927791, 0, -0.373101, 3.30571, 0, -31.7748 )

[node name="Hilly_Prop_Tree_Oak_97" parent="Trees" instance=ExtResource( 5 )]
transform = Transform( -0.373101, 0, 0.927791, 0, 1, 0, -0.927791, 0, -0.373101, -0.143528, 0, -23.9037 )

[node name="Hilly_Prop_Tree_Oak_98" parent="Trees" instance=ExtResource( 5 )]
transform = Transform( -0.373101, 0, 0.927791, 0, 1, 0, -0.927791, 0, -0.373101, 12.4722, 0, -19.4325 )

[node name="Hilly_Prop_Tree_Oak_99" parent="Trees" instance=ExtResource( 5 )]
transform = Transform( -0.373101, 0, 0.927791, 0, 1, 0, -0.927791, 0, -0.373101, 8.97998, 0, -13.4942 )

[node name="Hilly_Prop_Tree_Oak_100" parent="Trees" instance=ExtResource( 6 )]
transform = Transform( -0.94221, 0, -0.335024, 0, 1, 0, 0.335024, 0, -0.94221, -21.1247, -1.19209e-07, -6.01263 )

[node name="Hilly_Prop_Tree_Oak_101" parent="Trees" instance=ExtResource( 6 )]
transform = Transform( -0.94221, 0, -0.335024, 0, 1, 0, 0.335024, 0, -0.94221, -16.9268, 0, -14.4073 )

[node name="Hilly_Prop_Tree_Oak_102" parent="Trees" instance=ExtResource( 6 )]
transform = Transform( -0.94221, 0, -0.335024, 0, 1, 0, 0.335024, 0, -0.94221, -12.8304, -2.38419e-07, -20.2839 )

[node name="Hilly_Prop_Tree_Oak_103" parent="Trees" instance=ExtResource( 6 )]
transform = Transform( -0.94221, 0, -0.335024, 0, 1, 0, 0.335024, 0, -0.94221, -14.3884, 0, -26.0198 )

[node name="Hilly_Prop_Tree_Oak_104" parent="Trees" instance=ExtResource( 6 )]
transform = Transform( -0.94221, 0, -0.335024, 0, 1, 0, 0.335024, 0, -0.94221, -10.2928, -1.19209e-07, -7.08301 )

[node name="Hilly_Prop_Tree_Oak_105" parent="Trees" instance=ExtResource( 6 )]
transform = Transform( -0.94221, 0, -0.335024, 0, 1, 0, 0.335024, 0, -0.94221, -15.3474, 0, 0.666431 )

[node name="Hilly_Prop_Tree_Oak_106" parent="Trees" instance=ExtResource( 6 )]
transform = Transform( -0.94221, 0, -0.335024, 0, 1, 0, 0.335024, 0, -0.94221, -20.8734, -2.38419e-07, 3.00962 )

[node name="Hilly_Prop_Tree_Oak_107" parent="Trees" instance=ExtResource( 6 )]
transform = Transform( -0.94221, 0, -0.335024, 0, 1, 0, 0.335024, 0, -0.94221, -25.4018, 0, -6.49607 )

[node name="Hilly_Prop_Tree_Oak_108" parent="Trees" instance=ExtResource( 4 )]
transform = Transform( -0.94221, 0, -0.335024, 0, 1, 0, 0.335024, 0, -0.94221, -25.3536, -1.19209e-07, -2.15855 )

[node name="Hilly_Prop_Tree_Oak_109" parent="Trees" instance=ExtResource( 4 )]
transform = Transform( -0.94221, 0, -0.335024, 0, 1, 0, 0.335024, 0, -0.94221, -17.9958, -1.19209e-07, -6.41625 )

[node name="Hilly_Prop_Tree_Oak_110" parent="Trees" instance=ExtResource( 4 )]
transform = Transform( -0.94221, 0, -0.335024, 0, 1, 0, 0.335024, 0, -0.94221, -17.0607, 0, -10.3984 )

[node name="Hilly_Prop_Tree_Oak_111" parent="Trees" instance=ExtResource( 4 )]
transform = Transform( -0.94221, 0, -0.335024, 0, 1, 0, 0.335024, 0, -0.94221, -9.82276, 2.68221e-07, -13.4027 )

[node name="Hilly_Prop_Tree_Oak_112" parent="Trees" instance=ExtResource( 4 )]
transform = Transform( -0.94221, 0, -0.335024, 0, 1, 0, 0.335024, 0, -0.94221, -21.5383, -2.38419e-07, -12.7542 )

[node name="Hilly_Prop_Tree_Oak_113" parent="Trees" instance=ExtResource( 4 )]
transform = Transform( -0.94221, 0, -0.335024, 0, 1, 0, 0.335024, 0, -0.94221, -16.7299, 0, -19.2678 )

[node name="Hilly_Prop_Tree_Oak_114" parent="Trees" instance=ExtResource( 4 )]
transform = Transform( -0.94221, 0, -0.335024, 0, 1, 0, 0.335024, 0, -0.94221, -17.768, 0, -25.4347 )

[node name="Hilly_Prop_Tree_Oak_115" parent="Trees" instance=ExtResource( 4 )]
transform = Transform( -0.94221, 0, -0.335024, 0, 1, 0, 0.335024, 0, -0.94221, -11.4568, 1.49012e-08, -26.2879 )

[node name="Hilly_Prop_Tree_Oak_116" parent="Trees" instance=ExtResource( 4 )]
transform = Transform( -0.94221, 0, -0.335024, 0, 1, 0, 0.335024, 0, -0.94221, -9.21927, 1.49012e-07, -16.8894 )

[node name="Hilly_Prop_Tree_Oak_117" parent="Trees" instance=ExtResource( 4 )]
transform = Transform( -0.94221, 0, -0.335024, 0, 1, 0, 0.335024, 0, -0.94221, -16.1793, 0, -8.4197 )

[node name="Hilly_Prop_Tree_Oak_118" parent="Trees" instance=ExtResource( 2 )]
transform = Transform( -0.94221, 0, -0.335024, 0, 1, 0, 0.335024, 0, -0.94221, -23.7597, 5.96046e-07, -7.89087 )

[node name="Hilly_Prop_Tree_Oak_119" parent="Trees" instance=ExtResource( 2 )]
transform = Transform( -0.94221, 0, -0.335024, 0, 1, 0, 0.335024, 0, -0.94221, -20.6992, -5.96046e-08, -22.5921 )

[node name="Hilly_Prop_Tree_Oak_120" parent="Trees" instance=ExtResource( 2 )]
transform = Transform( -0.94221, 0, -0.335024, 0, 1, 0, 0.335024, 0, -0.94221, -19.343, 0, -11.7948 )

[node name="Hilly_Prop_Tree_Oak_121" parent="Trees" instance=ExtResource( 2 )]
transform = Transform( -0.94221, 0, -0.335024, 0, 1, 0, 0.335024, 0, -0.94221, -18.4038, 0.225009, -21.4699 )

[node name="Hilly_Prop_Tree_Oak_122" parent="Trees" instance=ExtResource( 2 )]
transform = Transform( -0.94221, 0, -0.335024, 0, 1, 0, 0.335024, 0, -0.94221, -23.318, 0, -3.32928 )

[node name="Hilly_Prop_Tree_Oak_123" parent="Trees" instance=ExtResource( 6 )]
transform = Transform( -0.94221, 0, -0.335024, 0, 1, 0, 0.335024, 0, -0.94221, -18.2096, 5.96046e-07, -3.17685 )

[node name="Hilly_Prop_Tree_Oak_124" parent="Trees" instance=ExtResource( 4 )]
transform = Transform( -0.94221, 0, -0.335024, 0, 1, 0, 0.335024, 0, -0.94221, -14.4244, 2.98023e-07, -4.02722 )

[node name="Hilly_Prop_Tree_Oak_125" parent="Trees" instance=ExtResource( 2 )]
transform = Transform( -0.94221, 0, -0.335024, 0, 1, 0, 0.335024, 0, -0.94221, -12.5181, 0.0334954, -17.9252 )

[node name="Hilly_Prop_Tree_Oak_126" parent="Trees" instance=ExtResource( 5 )]
transform = Transform( -0.94221, 0, -0.335024, 0, 1, 0, 0.335024, 0, -0.94221, -21.1347, 0, -18.3145 )

[node name="Hilly_Prop_Tree_Oak_127" parent="Trees" instance=ExtResource( 5 )]
transform = Transform( -0.94221, 0, -0.335024, 0, 1, 0, 0.335024, 0, -0.94221, -16.8503, 0, -16.7147 )

[node name="Hilly_Prop_Tree_Oak_128" parent="Trees" instance=ExtResource( 5 )]
transform = Transform( -0.94221, 0, -0.335024, 0, 1, 0, 0.335024, 0, -0.94221, -22.0606, 0, -9.66692 )

[node name="Hilly_Prop_Tree_Oak_129" parent="Trees" instance=ExtResource( 5 )]
transform = Transform( -0.94221, 0, -0.335024, 0, 1, 0, 0.335024, 0, -0.94221, -28.0253, 0, -3.78107 )

[node name="Hilly_Prop_Tree_Oak_130" parent="Trees" instance=ExtResource( 5 )]
transform = Transform( -0.94221, 0, -0.335024, 0, 1, 0, 0.335024, 0, -0.94221, -20.3011, 0, -0.014286 )

[node name="Hilly_Prop_Tree_Oak_131" parent="Trees" instance=ExtResource( 5 )]
transform = Transform( -0.94221, 0, -0.335024, 0, 1, 0, 0.335024, 0, -0.94221, -15.3201, 0, -12.4376 )

[node name="Hilly_Prop_Tree_Oak_132" parent="Trees" instance=ExtResource( 5 )]
transform = Transform( -0.94221, 0, -0.335024, 0, 1, 0, 0.335024, 0, -0.94221, -9.52888, 0, -8.7065 )

[node name="Hilly_Prop_Tree_Oak_133" parent="Trees" instance=ExtResource( 6 )]
transform = Transform( 0.97276, 0, 0.231816, 0, 1, 0, -0.231816, 0, 0.97276, -22.8955, -1.19209e-07, -32.8315 )

[node name="Hilly_Prop_Tree_Oak_134" parent="Trees" instance=ExtResource( 6 )]
transform = Transform( 0.97276, 0, 0.231816, 0, 1, 0, -0.231816, 0, 0.97276, -27.9713, 0, -24.9367 )

[node name="Hilly_Prop_Tree_Oak_135" parent="Trees" instance=ExtResource( 6 )]
transform = Transform( 0.97276, 0, 0.231816, 0, 1, 0, -0.231816, 0, 0.97276, -32.6756, -2.38419e-07, -19.5344 )

[node name="Hilly_Prop_Tree_Oak_136" parent="Trees" instance=ExtResource( 6 )]
transform = Transform( 0.97276, 0, 0.231816, 0, 1, 0, -0.231816, 0, 0.97276, -31.7431, 0, -13.6642 )

[node name="Hilly_Prop_Tree_Oak_137" parent="Trees" instance=ExtResource( 6 )]
transform = Transform( 0.97276, 0, 0.231816, 0, 1, 0, -0.231816, 0, 0.97276, -33.7797, -1.19209e-07, -32.9316 )

[node name="Hilly_Prop_Tree_Oak_138" parent="Trees" instance=ExtResource( 6 )]
transform = Transform( 0.97276, 0, 0.231816, 0, 1, 0, -0.231816, 0, 0.97276, -27.9215, 0, -40.0929 )

[node name="Hilly_Prop_Tree_Oak_140" parent="Trees" instance=ExtResource( 6 )]
transform = Transform( 0.97276, 0, 0.231816, 0, 1, 0, -0.231816, 0, 0.97276, -18.6952, 0, -31.8912 )

[node name="Hilly_Prop_Tree_Oak_141" parent="Trees" instance=ExtResource( 4 )]
transform = Transform( 0.97276, 0, 0.231816, 0, 1, 0, -0.231816, 0, 0.97276, -18.2769, -1.19209e-07, -36.2088 )

[node name="Hilly_Prop_Tree_Oak_142" parent="Trees" instance=ExtResource( 4 )]
transform = Transform( 0.97276, 0, 0.231816, 0, 1, 0, -0.231816, 0, 0.97276, -26.0497, -1.19209e-07, -32.7666 )

[node name="Hilly_Prop_Tree_Oak_143" parent="Trees" instance=ExtResource( 4 )]
transform = Transform( 0.97276, 0, 0.231816, 0, 1, 0, -0.231816, 0, 0.97276, -27.4073, 0, -28.908 )

[node name="Hilly_Prop_Tree_Oak_144" parent="Trees" instance=ExtResource( 4 )]
transform = Transform( 0.97276, 0, 0.231816, 0, 1, 0, -0.231816, 0, 0.97276, -34.9263, 2.68221e-07, -26.699 )

[node name="Hilly_Prop_Tree_Oak_145" parent="Trees" instance=ExtResource( 4 )]
transform = Transform( 0.97276, 0, 0.231816, 0, 1, 0, -0.231816, 0, 0.97276, -23.2088, -2.38419e-07, -26.0846 )

[node name="Hilly_Prop_Tree_Oak_146" parent="Trees" instance=ExtResource( 4 )]
transform = Transform( 0.97276, 0, 0.231816, 0, 1, 0, -0.231816, 0, 0.97276, -28.6895, 0, -20.1255 )

[node name="Hilly_Prop_Tree_Oak_147" parent="Trees" instance=ExtResource( 4 )]
transform = Transform( 0.97276, 0, 0.231816, 0, 1, 0, -0.231816, 0, 0.97276, -28.3202, 0, -13.8827 )

[node name="Hilly_Prop_Tree_Oak_148" parent="Trees" instance=ExtResource( 4 )]
transform = Transform( 0.97276, 0, 0.231816, 0, 1, 0, -0.231816, 0, 0.97276, -34.6865, 1.49012e-08, -13.7128 )

[node name="Hilly_Prop_Tree_Oak_149" parent="Trees" instance=ExtResource( 4 )]
transform = Transform( 0.97276, 0, 0.231816, 0, 1, 0, -0.231816, 0, 0.97276, -35.901, 1.49012e-07, -23.2973 )

[node name="Hilly_Prop_Tree_Oak_150" parent="Trees" instance=ExtResource( 4 )]
transform = Transform( 0.97276, 0, 0.231816, 0, 1, 0, -0.231816, 0, 0.97276, -28.071, 0, -30.9699 )

[node name="Hilly_Prop_Tree_Oak_151" parent="Trees" instance=ExtResource( 2 )]
transform = Transform( 0.97276, 0, 0.231816, 0, 1, 0, -0.231816, 0, 0.97276, -20.4776, 5.96046e-07, -30.681 )

[node name="Hilly_Prop_Tree_Oak_152" parent="Trees" instance=ExtResource( 2 )]
transform = Transform( 0.97276, 0, 0.231816, 0, 1, 0, -0.231816, 0, 0.97276, -25.1005, -5.96046e-08, -16.3938 )

[node name="Hilly_Prop_Tree_Oak_153" parent="Trees" instance=ExtResource( 2 )]
transform = Transform( 0.97276, 0, 0.231816, 0, 1, 0, -0.231816, 0, 0.97276, -25.2884, 0, -27.2744 )

[node name="Hilly_Prop_Tree_Oak_154" parent="Trees" instance=ExtResource( 2 )]
transform = Transform( 0.97276, 0, 0.231816, 0, 1, 0, -0.231816, 0, 0.97276, -27.262, 0.225009, -17.7562 )

[node name="Hilly_Prop_Tree_Oak_155" parent="Trees" instance=ExtResource( 2 )]
transform = Transform( 0.97276, 0, 0.231816, 0, 1, 0, -0.231816, 0, 0.97276, -20.4265, 0, -35.2636 )

[node name="Hilly_Prop_Tree_Oak_156" parent="Trees" instance=ExtResource( 6 )]
transform = Transform( 0.97276, 0, 0.231816, 0, 1, 0, -0.231816, 0, 0.97276, -25.4889, 5.96046e-07, -35.9642 )

[node name="Hilly_Prop_Tree_Oak_157" parent="Trees" instance=ExtResource( 4 )]
transform = Transform( 0.97276, 0, 0.231816, 0, 1, 0, -0.231816, 0, 0.97276, -29.3436, 2.98023e-07, -35.5256 )

[node name="Hilly_Prop_Tree_Oak_158" parent="Trees" instance=ExtResource( 2 )]
transform = Transform( 0.97276, 0, 0.231816, 0, 1, 0, -0.231816, 0, 0.97276, -32.7326, 0.0334954, -21.913 )

[node name="Hilly_Prop_Tree_Oak_159" parent="Trees" instance=ExtResource( 5 )]
transform = Transform( 0.97276, 0, 0.231816, 0, 1, 0, -0.231816, 0, 0.97276, -24.2078, 0, -20.5998 )

[node name="Hilly_Prop_Tree_Oak_160" parent="Trees" instance=ExtResource( 5 )]
transform = Transform( 0.97276, 0, 0.231816, 0, 1, 0, -0.231816, 0, 0.97276, -28.2954, 0, -22.6509 )

[node name="Hilly_Prop_Tree_Oak_161" parent="Trees" instance=ExtResource( 5 )]
transform = Transform( 0.97276, 0, 0.231816, 0, 1, 0, -0.231816, 0, 0.97276, -22.3577, 0, -29.0978 )

[node name="Hilly_Prop_Tree_Oak_162" parent="Trees" instance=ExtResource( 5 )]
transform = Transform( 0.97276, 0, 0.231816, 0, 1, 0, -0.231816, 0, 0.97276, -15.795, 0, -34.3085 )

[node name="Hilly_Prop_Tree_Oak_163" parent="Trees" instance=ExtResource( 5 )]
transform = Transform( 0.97276, 0, 0.231816, 0, 1, 0, -0.231816, 0, 0.97276, -23.0696, 0, -38.8837 )

[node name="Hilly_Prop_Tree_Oak_164" parent="Trees" instance=ExtResource( 5 )]
transform = Transform( 0.97276, 0, 0.231816, 0, 1, 0, -0.231816, 0, 0.97276, -29.357, 0, -27.0677 )

[node name="Hilly_Prop_Tree_Oak_165" parent="Trees" instance=ExtResource( 5 )]
transform = Transform( 0.97276, 0, 0.231816, 0, 1, 0, -0.231816, 0, 0.97276, -34.7137, 0, -31.3996 )

[node name="Hilly_Prop_Tree_Oak_167" parent="Trees" instance=ExtResource( 6 )]
transform = Transform( 0.216542, 0, 0.976273, 0, 1, 0, -0.976273, 0, 0.216542, -31.9651, 0, 4.50105 )

[node name="Hilly_Prop_Tree_Oak_173" parent="Trees" instance=ExtResource( 6 )]
transform = Transform( 0.216542, 0, 0.976273, 0, 1, 0, -0.976273, 0, 0.216542, -34.1673, 0, -6.88149 )

[node name="Hilly_Prop_Tree_Oak_176" parent="Trees" instance=ExtResource( 4 )]
transform = Transform( 0.216542, 0, 0.976273, 0, 1, 0, -0.976273, 0, 0.216542, -35.2908, 0, 2.2585 )

[node name="Hilly_Prop_Tree_Oak_178" parent="Trees" instance=ExtResource( 4 )]
transform = Transform( 0.216542, 0, 0.976273, 0, 1, 0, -0.976273, 0, 0.216542, -30.9166, -2.38419e-07, -0.284275 )

[node name="Hilly_Prop_Tree_Oak_179" parent="Trees" instance=ExtResource( 4 )]
transform = Transform( 0.216542, 0, 0.976273, 0, 1, 0, -0.976273, 0, 0.216542, -27.9513, 0, 7.24941 )

[node name="Hilly_Prop_Tree_Oak_184" parent="Trees" instance=ExtResource( 2 )]
transform = Transform( 0.216542, 0, 0.976273, 0, 1, 0, -0.976273, 0, 0.216542, -33.8576, 5.96046e-07, -4.74937 )

[node name="Hilly_Prop_Tree_Oak_185" parent="Trees" instance=ExtResource( 2 )]
transform = Transform( 0.216542, 0, 0.976273, 0, 1, 0, -0.976273, 0, 0.216542, -23.0265, -5.96046e-08, 5.65175 )

[node name="Hilly_Prop_Tree_Oak_186" parent="Trees" instance=ExtResource( 2 )]
transform = Transform( 0.216542, 0, 0.976273, 0, 1, 0, -0.976273, 0, 0.216542, -32.8955, 0, 1.06635 )

[node name="Hilly_Prop_Tree_Oak_187" parent="Trees" instance=ExtResource( 2 )]
transform = Transform( 0.216542, 0, 0.976273, 0, 1, 0, -0.976273, 0, 0.216542, -25.1965, 0.225009, 7.00061 )

[node name="Hilly_Prop_Tree_Oak_192" parent="Trees" instance=ExtResource( 5 )]
transform = Transform( 0.216542, 0, 0.976273, 0, 1, 0, -0.976273, 0, 0.216542, -26.4197, 0, 3.01088 )

[node name="Hilly_Prop_Tree_Oak_193" parent="Trees" instance=ExtResource( 5 )]
transform = Transform( 0.216542, 0, 0.976273, 0, 1, 0, -0.976273, 0, 0.216542, -30.0507, 0, 5.79143 )

[node name="Hilly_Prop_Tree_Oak_194" parent="Trees" instance=ExtResource( 5 )]
transform = Transform( 0.216542, 0, 0.976273, 0, 1, 0, -0.976273, 0, 0.216542, -33.2551, 0, -2.36647 )

[node name="Hilly_Prop_Tree_Oak_195" parent="Trees" instance=ExtResource( 5 )]
transform = Transform( 0.216542, 0, 0.976273, 0, 1, 0, -0.976273, 0, 0.216542, -35.0744, 0, -10.5464 )

[node name="Hilly_Prop_Tree_Oak_197" parent="Trees" instance=ExtResource( 5 )]
transform = Transform( 0.216542, 0, 0.976273, 0, 1, 0, -0.976273, 0, 0.216542, -34.4874, 0, 4.81634 )

[node name="Hilly_Prop_Grass_Clump_2" parent="Trees" instance=ExtResource( 3 )]
transform = Transform( 1, 0, 0, 0, 1, 0, 0, 0, 1, -6.59324, 0, -0.844912 )

[node name="Hilly_Prop_Grass_Clump_3" parent="Trees" instance=ExtResource( 3 )]
transform = Transform( 1, 0, 0, 0, 1, 0, 0, 0, 1, -5.63401, -2.38419e-07, -5.97262 )

[node name="Hilly_Prop_Grass_Clump_4" parent="Trees" instance=ExtResource( 3 )]
transform = Transform( 1, 0, 0, 0, 1, 0, 0, 0, 1, 4.4676, 2.38419e-07, -6.9843 )

[node name="Hilly_Prop_Grass_Clump_5" parent="Trees" instance=ExtResource( 3 )]
transform = Transform( 1, 0, 0, 0, 1, 0, 0, 0, 1, -3.85757, 7.15256e-07, 4.18373 )

[node name="Hilly_Prop_Grass_Clump_6" parent="Trees" instance=ExtResource( 3 )]
transform = Transform( 1, 0, 0, 0, 1, 0, 0, 0, 1, -2.51436, 2.38419e-07, -8.07801 )

[node name="Hilly_Prop_Grass_Clump_7" parent="Trees" instance=ExtResource( 3 )]
transform = Transform( 1, 0, 0, 0, 1, 0, 0, 0, 1, 9.08593, 4.76837e-07, -11.792 )

[node name="Hilly_Prop_Grass_Clump_8" parent="Trees" instance=ExtResource( 3 )]
transform = Transform( 1, 0, 0, 0, 1, 0, 0, 0, 1, -10.6317, -4.76837e-07, -3.75939 )

[node name="Hilly_Prop_Grass_Clump_9" parent="Trees" instance=ExtResource( 3 )]
transform = Transform( 1, 0, 0, 0, 1, 0, 0, 0, 1, -12.117, -1.19209e-07, 4.56692 )

[node name="Hilly_Prop_Grass_Clump_10" parent="Trees" instance=ExtResource( 3 )]
transform = Transform( 1, 0, 0, 0, 1, 0, 0, 0, 1, -5.84797, 2.38419e-07, 6.48052 )

[node name="Hilly_Prop_Grass_Clump_11" parent="Trees" instance=ExtResource( 3 )]
transform = Transform( 1, 0, 0, 0, 1, 0, 0, 0, 1, 1.9141, 5.96046e-08, -13.6628 )

[node name="Hilly_Prop_Grass_Clump_12" parent="Trees" instance=ExtResource( 3 )]
transform = Transform( 1, 0, 0, 0, 1, 0, 0, 0, 1, -12.1528, 5.36442e-07, 1.01489 )

[node name="Actors" type="Spatial" parent="."]

[node name="BugCat" parent="Actors" instance=ExtResource( 8 )]
transform = Transform( 1, 0, 0, 0, 1, 0, 0, 0, 1, -4.58039, 0, 0 )

[node name="Bear" parent="Actors" instance=ExtResource( 9 )]
transform = Transform( 1, 0, 0, 0, 1, 0, 0, 0, 1, 8.89833, 0, 6.40671 )

[node name="Controller" parent="Actors/Bear" instance=ExtResource( 7 )]
